[[ 1.58523151e-04  1.33679574e-03  1.71410467e-03 -4.11296678e-05
   4.43729688e-04 -1.35156413e-04 -6.63607207e-04 -1.10230851e-03
  -1.16832252e-03 -3.04897228e-04  4.86860838e-04 -3.63588566e-04
  -1.94768899e-03 -1.77211757e-03 -5.47788746e-04 -3.10734467e-04
  -2.36402062e-04 -1.58941548e-04  1.11037062e-03 -2.07436946e-03
  -1.53116253e-03 -2.26209348e-04 -5.26167103e-04  4.50052845e-04
  -7.08811742e-04 -1.70173752e-03 -1.11451431e-03 -7.10855511e-06
   1.95880095e-03  4.60125157e-05 -1.93676911e-03  4.01333964e-05
   1.42136865e-04  1.48408639e-04  6.02681364e-04 -2.73180427e-04
  -6.20621198e-04  1.61749864e-04  6.88666769e-04 -1.08613039e-03
  -1.99477930e-04  2.19872036e-05  6.08234142e-04  1.78153452e-03
  -4.68990387e-04 -5.14899439e-04  7.56426714e-04  8.97966325e-04
   2.65704060e-04 -1.75621011e-03  3.71445989e-04  1.20315573e-03
  -1.26302138e-03 -1.83110440e-03  6.49428344e-04 -7.83698866e-04
   2.79697033e-05 -1.86152574e-05  7.39497409e-05  9.37107397e-05
  -4.92586405e-04  1.57890911e-03  2.23366264e-03 -2.81770248e-04
   1.57200906e-03 -2.71471708e-06 -9.31678631e-04 -1.07057176e-05
   7.49517756e-04 -1.61028511e-04 -1.58864423e-03  5.59209031e-04
   2.00728551e-04  6.95588184e-04  1.78258400e-04  8.02627837e-05
  -1.60037220e-04 -4.03898256e-03  4.41187149e-06 -1.46347651e-04
  -1.56036040e-05 -7.98996261e-05  2.35945292e-04 -4.30281361e-04
  -7.16163777e-05  1.47088652e-03 -1.41081261e-03  4.75547509e-04
   3.20562511e-04  2.68085278e-04 -4.59947565e-04 -1.50605291e-03
  -9.80302138e-05 -2.82420544e-04  5.64606918e-04  7.92294450e-04
   3.13738943e-04  8.32512524e-06  9.40153783e-04  9.90605186e-05
  -3.06109572e-03  4.64427314e-04  1.88435311e-04  1.49660424e-04
  -4.46173304e-04  2.66423262e-06 -6.17061887e-05  6.18500519e-04
  -4.07002727e-03 -6.61458296e-04  2.96235946e-03 -2.04249896e-04
   7.77610767e-05  1.78897695e-03 -9.43704334e-04  7.40358548e-04
   8.35952960e-05 -7.30458996e-04 -1.58885948e-03  2.90973723e-04
   4.04791004e-04  5.55356790e-04  8.21653754e-04  2.56143830e-04
   3.19597821e-05  6.39786478e-04  1.24524740e-04  1.62313494e-03]
 [ 1.13036214e-04  9.56469099e-04 -2.69513897e-04  2.95227801e-04
   5.08921279e-04  2.30943435e-04 -6.38738265e-06 -3.07939976e-04
  -7.86828110e-04 -1.22085286e-04  4.65450867e-05 -1.06487780e-04
  -3.29700205e-03 -2.64502643e-03 -6.74087612e-04 -3.07312264e-04
   1.57844872e-04  1.75176625e-04  5.98705083e-04 -1.48028811e-03
  -8.12164159e-04  7.56439695e-05  4.13690104e-05  2.95920850e-04
  -3.98796838e-04  9.85188017e-05 -9.45906679e-04  2.12718824e-05
   9.74830415e-04  3.10465548e-04 -8.08275596e-04  9.03272939e-06
   5.53241000e-04 -4.73917971e-05  4.43174969e-04 -4.82650794e-05
  -5.60890243e-04 -1.90008010e-04  1.32709544e-03 -1.08137296e-03
  -5.08557132e-04  1.29476102e-04  7.04539416e-04  1.74199010e-03
   1.72972577e-04 -5.18572997e-05  7.27938022e-04  6.05705485e-04
  -3.48940579e-04 -1.26836705e-03  1.84218108e-04 -6.50379570e-06
  -4.85333498e-04 -6.51198206e-04  2.38774985e-04 -2.18122485e-04
  -6.90778659e-04  2.17749897e-04 -1.71881095e-06  9.26457433e-05
  -3.02705797e-04  2.05203053e-03  2.17523053e-03  2.43627204e-04
   1.25531352e-03 -8.73155150e-05 -4.06470586e-04  8.15965614e-05
   4.64527315e-04  8.02528757e-06 -1.76014798e-03  5.35477069e-04
   2.49785207e-05  4.50748223e-04 -4.54691442e-04  2.55079249e-05
  -6.02386310e-04 -2.07302417e-03  7.17340808e-05  1.87082274e-04
  -1.50917491e-04  1.30304208e-04 -1.45471000e-04 -1.32240180e-04
   3.10608157e-05  8.10314319e-04 -1.04247464e-03  6.01506967e-04
   1.12310510e-04  5.36658335e-04 -1.79394003e-04 -5.53028192e-04
   1.25346878e-05 -1.73806751e-04  1.39937468e-03  1.19085005e-03
  -3.64311825e-04  1.49692409e-04 -2.86856783e-04  3.04482033e-04
  -2.27041519e-03  1.41530734e-04 -1.30351022e-04  9.79666584e-05
   2.94448051e-04  9.80854747e-05 -2.51546968e-04  1.33721507e-03
  -6.77102245e-04 -4.26284969e-04  4.99019225e-04 -1.14539238e-04
  -7.33427660e-05  1.04785175e-03 -1.88783742e-04  5.03536663e-04
   2.91892939e-04 -9.43575695e-04 -6.09584502e-04  5.45806688e-05
   8.50560264e-06 -1.94925342e-05  5.24066447e-04  1.00207159e-04
   6.76577474e-05  3.24064691e-04  2.29101090e-04  2.80011416e-04]]